8
2 0
7 0

0 0	0 0	0 0	0 0
0 1	0 1	1 0	1 0
0 0	0 1	1 0	1 0
1 1	0 0	0 0	1 0
1 1	0 1	1 0	0 0
0 0 0 0 0 0 1 0
0 1 0 1 1 0 1 0
0 0 0 0 0 0 0 0

10								
0 0	0 0	0 0 0 0 0
0 2	0 0	0 1 0 0 0
0 0	0 0	0 0 0 0 0
0 0	2 0	0 0 0 0 0
0 0	0 2	0 1 0 3 0
0 0	0 0	0 0 0 0 0
0 0	2 0	0 2 0 0 0
0 0	3 0	0 3 0 0 0
0 0	0 0	0 0 0 0 0
								
0 0	0 0	0 0 0 0 0
0 4	0 0	0 2 0 0 0
0 0	0 0	0 0 0 0 0
0 0	1 0	0 0 0 0 0
0 0	0 4	0 2 0 1 0
0 0	0 0	0 0 0 0 0
0 0	1 0	0 1 0 0 0
0 0	1 0	0 1 0 0 0
0 0	0 0	0 0 0 0 0

7 5 7 4
7 4 7 5
4 7 5 7
5 7 4 7
4 6 4 7
4 7 4 6